111
112
113
131
211
212
213
214
231
311
312
313
314
331
411
412
413
414
415
416
417
418
419
421
422
511
512
611
711
712
713
714
715
716
717
718
811
813
814
815
816
911
913
914
915
916
917
1011
1012
1013
1031
1111
1112
1131
1211
1212
1213
1214
1215
1216
1231
1331
1411
1412
1413
1414
1421
1511
1512
1514
1515
1516
1521
1611
1612
1613
1614
1615
1711
1712
1713
1714
1715
1731
1811
1812
1911
2011
2111
2112
2113
2114
2131
2211
2312
2313
2411
2412
2413
2414
2415
2416
2511
2512
2513
2514
2515
2516
2611
2612
2711
2712
2713
2811
2911
2912
2913
2914
2915
2931
3011
3012
3013
3031
3111
3112
3113
3114
3131
3211
3311
3312
3313
3411
3511
3512
3911
4011
4111
4211
4311
4312
4411
4511
4512
4611
4711
4811
4911
5011
5012
5013
5111
5112
5211
5212
5311
5312
5313
5411
5412
5413
5511
5512
5611
5711
5712
5811
5812
5911
5912
6011
6012
6111
6211
6311
6312
6411
6511
6631
6632
6633
6732
6831
6832
6833
6932
7011
7012
7111
7112
7113
7114
7211
7311
7411
7412
7511
7531
7532
7611
7711
7811
7911
7912
8011
8031
8111
8211
8311
8411
8511
8611
8711
8712
8811
8911
8912
9011
9111
9211
9212
9213
9311
9411
9412
9511
9512
9513
9514
9611
9612
9711
9712
9811
9911
9912
10111
10211
10311
10411
10412
10511
10512
10711
10712
10811
10812
10911
11011
11111
11112
11113
11211
11212
11311
11411
11412
11511
11611
11711
11811
11911
12011
12012
12111
12311
12511
12711
12811
12911
13011
13012
13111
13211
13311
13411
13511
13611
13711
13712
13811
13911
14011
14111
14211
14311
14312
14313
14314
14411
14511
14611
14711
14811
14812
14813
14911
14912
14913
15011
15012
15013
15111
15211
15311
15312
15313
15511
15512
15513
15611
15711
15811
15911
15912
15913
15914
15915
15916
15917
16011
16012
16111
16112
16211
16311
16411
16412
16511
16611
16612
16613
16711
16712
16811
16911
17011
17111
17211
17212
17311
17312
17411
17412
17511
17512
17611
17711
17712
17811
17911
18011
18111
18211
18311
18411
18412
18511
18512
18611
18711
18712
18811
18812
18911
18912
19011
19111
19211
19212
19311
19312
19411
19511
19512
19611
19711
19712
19811
19911
20011
20012
20013
20014
20015
20017
20111
20211
20311
20411
50011
50111
50211
50212
50213
50311
50411
50511
50512
50611
50711
50811
50812
50911
50912
51011
51111
51211
51311
51411
51412
51511
51512
51611
51711
51712
51811
51812
51911
51912
52011
52111
52211
52311
52312
52411
52412
52511
52611
52612
52613
52614
52711
52712
52731
52831
52931
53011
53012
53013
53111
53112
53211
