111
112
113
131
211
212
213
214
231
311
312
313
314
331
411
412
413
414
415
416
417
418
419
421
422
511
512
611
711
712
713
714
715
716
717
718
811
813
814
815
816
911
913
914
915
916
917
1011
1012
1013
1031
1111
1112
1131
1211
1212
1213
1214
1215
1216
1231
1331
1411
1412
1413
1414
1421
1511
1512
1514
1515
1516
1521
1611
1612
1613
1614
1615
1711
1712
1713
1714
1715
1731
1811
1812
1911
2011
2111
2112
2113
2114
2131
2211
2312
2313
2411
2412
2413
2414
2415
2416
2511
2512
2513
2514
2515
2516
2611
2612
2711
2712
2713
2811
2911
2912
2913
2914
2915
2931
3011
3012
3013
3031
3111
3112
3113
3114
3131
3211
3311
3312
3313
3411
3511
3512
3911
4011
4111
4211
4311
4312
4411
4511
4512
4611
4711
4811
4911
5011
5012
5013
5111
5112
5211
5212
5311
5312
5313
5411
5412
5413
5511
5512
5611
5711
5712
5811
5812
5911
5912
6011
6012
6111
6112
6211
6311
6312
6411
6511
6631
6632
6633
6732
6831
6832
6833
6932
7011
7012
7111
7112
7113
7114
7211
7311
7411
7412
7511
7531
7532
7611
7711
7811
7911
7912
8011
8031
8111
8211
8311
8411
8511
8611
8711
8712
8811
8911
8912
9011
9111
9211
9212
9213
9311
9411
9412
9511
9512
9513
9514
9611
9612
9711
9712
9811
9911
9912
10111
10211
10311
10411
10412
10511
10512
10711
10712
10811
10812
10911
11011
11111
11112
11113
11211
11212
11311
11411
11412
11511
11611
11711
11811
11911
12011
12012
12111
12311
12511
12711
12811
12911
13011
13012
13111
13211
13311
13411
13511
13611
13711
13712
13811
13911
14011
14111
14211
14311
14312
14313
14314
14411
14511
14611
14711
14811
14812
14813
14911
14912
14913
15011
15012
15013
15111
15211
15311
15312
15313
15511
15512
15513
15611
15711
15811
15911
15912
15913
15914
15915
15916
15917
16011
16012
16111
16112
16211
16311
16411
16412
16511
16611
16612
16613
16711
16712
16811
16911
17011
17111
17211
17212
17311
17312
17411
17412
17511
17512
17611
17711
17712
17811
17911
18011
18111
18211
18311
18411
18412
18511
18512
18611
18711
18712
18811
18812
18911
18912
19011
19111
19211
19212
19311
19312
19411
19511
19512
19611
19711
19712
19811
19911
20011
20012
20013
20014
20015
20017
20111
20211
20311
20411
50011
50111
50211
50212
50213
50311
50411
50511
50512
50611
50711
50811
50812
50911
50912
51011
51111
51211
51311
51411
51412
51511
51512
51611
51711
51712
51811
51812
51911
51912
52011
52111
52211
52311
52312
52411
52412
52511
52611
52612
52613
52614
52711
52712
52731
52831
52931
53011
53012
53013
53111
53112
53211
100011
100012
100014
100015
100017
100018
100111
100112
100113
100131
100132
100211
100212
100213
100231
100232
100311
100312
100313
100331
100332
100411
100431
100432
100511
100512
100513
100514
100531
100611
100631
100632
100711
100731
100811
100831
100832
100911
100931
101011
101031
101032
101111
101112
101131
101211
101231
101311
101331
101332
101411
101412
101421
101431
101511
101512
101532
101533
101611
101631
101632
101711
101731
101732
101733
101811
101812
101813
101821
101831
101832
102011
102012
102031
102032
102111
102131
102211
102212
102232
102311
102312
102313
102321
102331
102332
102511
102531
102611
102631
102632
102711
102731
102732
102811
102821
102831
102832
102911
102912
102913
102931
103011
103031
103111
103112
103113
103131
103132
103133
103211
103212
103213
103231
103232
103311
103331
103332
103333
103411
103412
103431
103433
103611
103631
103633
103711
103712
103731
103732
103811
103812
103813
103831
103832
104011
104031
104032
104033
104211
104212
104231
104232
104311
104331
104411
104412
104431
104511
104512
104531
104532
104611
104631
104632
104711
104712
104713
104714
104715
104731
104732
104733
104811
104831
104832
104833
104911
104912
104914
104931
104932
105011
105031
105032
105111
105131
105132
105211
105212
105213
105214
105231
105232
105311
105312
105331
105332
105411
105412
105431
105432
105511
105531
105532
105611
105612
105621
105631
105632
105711
105712
105731
105811
105812
105813
105814
105831
105911
105912
105913
105914
105921
105931
105932
105933
106011
106012
106013
106014
106015
106031
106112
106113
106114
106116
106117
106118
106131
106211
106231
106311
106331
106411
106412
106413
106414
106415
106416
106417
106431
106432
106511
106531
106532
106611
106612
106613
106631
106711
106713
106714
106715
106731
106811
106812
106813
106814
106815
106816
106817
106818
106819
106831
106832
106834
106911
106912
106913
106914
106915
106931
107011
107012
107013
107031
107032
107111
107112
107113
107131
107211
107212
107231
107311
107312
107331
107411
107412
107511
107512
107611
107612
107631
107711
107712
107811
107812
107911
107912
107931
108011
108012
108013
108031
108111
108211
108311
108411
108511
108611
108711
108732
108811
108832
108911
108912
108932
109011
109111
109211
109311
109411
109511
109611
109711
109712
109811
109812
109911
110011
110031
110111
110211
110311
110331
110411
110511
110611
110711
110811
110812
110813
110831
110832
110911
110931
110932
111011
111031
111032
111111
111131
111211
111311
111411
111412
111431
111511
111611
111711
111712
111811
111812
111831
111911
111912
112011
112012
112111
112211
112311
112411
112431
112511
112531
112611
112631
112711
112811
112911
112912
113011
113111
113211
113311
113411
113412
113511
113611
113631
113711
113712
113811
113812
113911
114011
114111
114211
114311
114411
114511
114611
114612
114711
115011
115511
115512
115611
115711
115811
115812
115911
116011
116211
116311
116411
116511
116512
116611
116711
116712
116713
116811
116911
117011
117031
117111
117131
117211
117311
117411
117431
117511
117611
117711
117811
117911
118011
118012
118031
118111
118131
118231
118311
118411
118511
118531
119011
119111
119112
119211
119311
119911
120011
120012
120013
120014
120015
120016
120017
120411
120412
120511
120611
120612
120711
120811
120911
120912
121011
121111
121211
121212
121311
121411
121511
121512
121611
121711
121811
121911
121912
122011
122012
122111
122211
122311
122331
122332
122333
122411
122431
122511
122531
122611
122631
122711
122731
122811
122831
122911
123111
123112
123211
123311
123312
123331
123511
123611
123711
123811
123911
123912
124011
124012
124111
124112
124211
124212
124213
124214
124311
124411
124511
124611
124711
124811
124812
124911
125011
125012
125013
125014
125111
125211
125212
125311
125312
125313
125314
125411
125412
125413
125414
125511
125512
125611
125612
125613
125614
125631
125711
125811
125812
125813
125821
125831
126011
126012
126013
126014
126015
126031
126111
126112
126113
126131
126211
126212
126311
126411
126412
126413
126414
126431
126511
126512
126531
126532
126533
126611
126711
126811
126911
127011
127012
127111
127112
127211
127212
127214
127215
127311
127312
127511
127512
127611
127612
127711
127712
127731
127812
127813
127831
127911
128011
128111
128112
128211
128212
128311
128411
128412
128511
128711
128811
128812
128911
129011
129012
129013
129014
129015
129021
129031
129311
129411
129412
129511
129611
129612
129613
129631
129711
129712
129714
129731
129811
129911
130011
130012
130013
130031
130111
130112
130113
130131
130132
130211
130212
130213
130231
130711
130811
130911
130912
130931
131011
131111
131112
131211
131212
131213
131214
131611
131711
131811
131813
131911
132011
132012
132111
132112
132113
132114
132211
132212
132213
132214
132311
132312
132331
132411
132412
132413
132431
132511
132512
132531
132611
132612
132711
132712
132811
132812
132911
132912
133011
133012
133013
133014
133015
133016
133031
133032
133111
133112
133113
133114
133115
133117
133118
133119
133131
133211
133212
133511
133512
133611
133612
133631
133711
133712
133811
133812
133813
133814
133911
133912
134011
134031
134311
134411
134511
134512
134513
134514
134611
134612
134613
134711
134712
134713
134731
134811
134812
134911
134912
134931
135011
135012
135111
135211
135311
135411
135511
135512
135513
135514
135531
135611
135612
135613
135614
135615
135616
135631
135711
135712
135811
135812
135813
135831
135911
135912
135913
135914
135915
135916
135931
136011
136012
136013
136014
136031
136111
136112
136131
136211
136212
136231
136311
136312
136411
136412
136413
136414
136511
136911
136912
136913
136931
137111
137411
137412
137611
137612
137911
137912
138011
138012
138111
138211
138212
138311
138312
138711
138712
138811
138812
138911
138912
139011
139012
139111
139112
139211
139212
139231
139311
139312
139313
139331
139411
139412
139413
139431
139511
139512
139611
139612
139711
139712
139811
139911
139912
140011
140012
140112
140211
170111
180111
180211
180311
180411
180412
180511
180611
180612
181211
181212
190011
190711
190731
190811
190813
190814
190815
190911
190912
191011
191031
191111
191112
191313
191411
191611
191612
191613
191614
191615
191616
191617
191618
191711
191712
191713
191714
191731
191732
191733
191812
191911
191912
191913
191914
191915
191916
192011
192012
192013
192014
192015
192611
192612
192613
192711
192721
192811
192821
192911
192921
193211
193511
193611
193631
193711
193712
193713
193731
193732
193913
193914
194211
194212
194231
194311
194312
194313
194331
194332
195211
195212
195213
195214
195611
195612
500095
500096
999990
